local_slide( { "name" : "3526CDB1-CDED-41D0-91FA-37AD4FC7F9D1", "json" : {"assets":{"A710683C04A97643662E6E0708C22830":{"type":"texture","index":34,"assetRequest":{"type":"slide","state":"outgoing-reflection","slide":"3526CDB1-CDED-41D0-91FA-37AD4FC7F9D1"},"url":"assets/A710683C04A97643662E6E0708C22830.svg","width":720,"height":270},"EF54704FD30EABB62EA14CA2648727FF":{"type":"texture","index":31,"assetRequest":{"type":"slide","state":"outgoing","slide":"3526CDB1-CDED-41D0-91FA-37AD4FC7F9D1"},"url":"assets/EF54704FD30EABB62EA14CA2648727FF.svg","width":720,"height":540},"CEAAB28E2B8DDA504743635E252FC95D":{"type":"texture","index":32,"assetRequest":{"type":"slide","state":"incoming","slide":"53C6ADE7-25B1-46D0-A839-B8AAA14513EB"},"url":"assets/CEAAB28E2B8DDA504743635E252FC95D.svg","width":720,"height":540},"057157B6E7D7457405B25EAF8110B1E5":{"type":"texture","index":33,"assetRequest":{"type":"slide","state":"incoming-reflection","slide":"53C6ADE7-25B1-46D0-A839-B8AAA14513EB"},"url":"assets/057157B6E7D7457405B25EAF8110B1E5.svg","width":720,"height":270}},"events":[{"effects":[{"beginTime":0,"baseLayer":{"animations":[],"initialState":{"affineTransform":[1,0,0,1,0,0],"masksToBounds":true,"rotation":0,"scale":1,"position":{"pointX":360,"pointY":270},"width":720,"sublayerTransform":[1,0,0,0,0,1,0,0,0,0,1,0,0,0,0,1],"contentsRect":{"y":0,"x":0,"width":1,"height":1},"opacity":1,"edgeAntialiasingMask":0,"height":540,"hidden":false,"anchorPoint":{"pointX":0.5,"pointY":0.5}},"objectID":"0","layers":[{"animations":[],"initialState":{"affineTransform":[1,0,0,1,0,0],"masksToBounds":false,"rotation":0,"scale":1,"position":{"pointX":360,"pointY":270},"width":720,"sublayerTransform":[1,0,0,0,0,1,0,0,0,0,1,-0.0007001582493355197,0,0,0,1],"contentsRect":{"y":0,"x":0,"width":1,"height":1},"opacity":1,"edgeAntialiasingMask":15,"height":540,"hidden":false,"anchorPoint":{"pointX":0.5,"pointY":0.5}},"layers":[{"animations":[{"repeatCount":0,"animations":[{"from":{"scalar":0.25},"beginTime":0,"repeatCount":0,"fillMode":"removed","property":"opacity","duration":1,"timingFunction":"easeOut","to":{"scalar":1}},{"values":[{"transform":[0,0,-1,0,0,1,0,0,1,0,0,0,-360,0,360,1]},{"transform":[0.02388551631779418,0,-0.9997147003571731,0,0,1,0,0,0.9997147003571731,0,0.02388551631779418,0,-359.8972921285823,0,325.6122161939926,1]},{"transform":[0.08715450548738878,0,-0.9961948063372187,0,0,1,0,0,0.9961948063372187,0,0.08715450548738878,0,-358.6301302813987,0,234.8556830518807,1]},{"transform":[0.1792495202138544,0,-0.9838036437740526,0,0,1,0,0,0.9838036437740526,0,0.1792495202138544,0,-354.1693117586589,0,105.0161351013805,1]},{"transform":[0.2909018039436106,0,-0.9567529150529687,0,0,1,0,0,0.9567529150529687,0,0.2909018039436106,0,-344.4310494190687,0,-45.31149025029386,1]},{"transform":[0.4132113170329805,0,-0.9106351670542214,0,0,1,0,0,0.9106351670542214,0,0.4132113170329805,0,-327.8286601395197,0,-195.1436113840979,1]},{"transform":[0.5374974554394976,0,-0.8432653706847362,0,0,1,0,0,0.8432653706847362,0,0.5374974554394976,0,-303.575533446505,0,-323.0123142417726,1]},{"transform":[0.6556486706545642,0,-0.755066103509423,0,0,1,0,0,0.755066103509423,0,0.6556486706545642,0,-271.8237972633923,0,-410.6962554196999,1]},{"transform":[0.7607282905084017,0,-0.6490704646031621,0,0,1,0,0,0.6490704646031621,0,0.7607282905084017,0,-233.6653672571383,0,-447.1297507366468,1]},{"transform":[0.8476245718837756,0,-0.5305964428252852,0,0,1,0,0,0.5305964428252852,0,0.8476245718837756,0,-191.0147194171027,0,-430.8711551864228,1]},{"transform":[0.9135706619029156,0,-0.4066800286592259,0,0,1,0,0,0.4066800286592259,0,0.9135706619029156,0,-146.4048103173213,0,-370.1388566871478,1]},{"transform":[0.9584081556608796,0,-0.2854011337796527,0,0,1,0,0,0.2854011337796527,0,0.9584081556608796,0,-102.744408160675,0,-280.4401722271401,1]},{"transform":[0.9845192821505729,0,-0.1752763049408575,0,0,1,0,0,0.1752763049408575,0,0.9845192821505729,0,-63.09946977870869,0,-180.7948756460545,1]},{"transform":[0.996387896886753,0,-0.08491854295495981,0,0,1,0,0,0.08491854295495981,0,0.996387896886753,0,-30.57067546378553,0,-90.08039597453728,1]},{"transform":[0.9997313072969896,0,-0.02318001747739231,0,0,1,0,0,0.02318001747739231,0,0.9997313072969896,0,-8.34480629186123,0,-24.93096293682402,1]},{"transform":[1,0,0,0,0,1,0,0,0,0,1,0,0,0,0,1]}],"beginTime":0,"repeatCount":0,"keyTimes":[0,0.06666666666666667,0.1333333333333333,0.2,0.2666666666666667,0.3333333333333333,0.4,0.4666666666666667,0.5333333333333333,0.6,0.6666666666666666,0.7333333333333333,0.8,0.8666666666666667,0.9333333333333333,1],"property":"transform","fillMode":"removed","duration":1}],"beginTime":0,"fillMode":"both","duration":1}],"layers":[{"animations":[],"layers":[],"initialState":{"affineTransform":[1,0,0,1,0,0],"masksToBounds":false,"rotation":0,"scale":1,"position":{"pointX":360,"pointY":675},"width":720,"sublayerTransform":[1,0,0,0,0,1,0,0,0,0,1,0,0,0,0,1],"contentsRect":{"y":0,"x":0,"width":1,"height":1},"opacity":1,"edgeAntialiasingMask":15,"height":270,"hidden":false,"anchorPoint":{"pointX":0.5,"pointY":0.5}},"texture":"057157B6E7D7457405B25EAF8110B1E5"}],"initialState":{"affineTransform":[1,0,0,1,0,0],"masksToBounds":false,"rotation":0,"scale":1,"position":{"pointX":360,"pointY":270},"width":720,"sublayerTransform":[1,0,0,0,0,1,0,0,0,0,1,0,0,0,0,1],"contentsRect":{"y":0,"x":0,"width":1,"height":1},"opacity":1,"edgeAntialiasingMask":12,"height":540,"hidden":false,"anchorPoint":{"pointX":0.5,"pointY":0.5}},"texture":"CEAAB28E2B8DDA504743635E252FC95D"},{"animations":[{"repeatCount":0,"animations":[{"from":{"scalar":1},"beginTime":0,"repeatCount":0,"fillMode":"removed","property":"opacity","duration":1,"timingFunction":"easeIn","to":{"scalar":0.25}},{"values":[{"transform":[1,0,0,0,0,1,0,0,0,0,1,0,0,0,0,1]},{"transform":[0.9997147003571731,0,0.0238855163177941,0,0,1,0,0,-0.0238855163177941,0,0.9997147003571731,0,8.598785874405875,0,-25.68629006018381,1]},{"transform":[0.9961948063372187,0,0.08715450548738878,0,0,1,0,0,-0.08715450548738878,0,0.9961948063372187,0,31.37562197545996,0,-92.39882525405807,1]},{"transform":[0.9838036437740526,0,0.1792495202138544,0,0,1,0,0,-0.1792495202138544,0,0.9838036437740526,0,64.52982727698759,0,-184.6233493802908,1]},{"transform":[0.9567529150529687,0,0.2909018039436106,0,0,1,0,0,-0.2909018039436106,0,0.9567529150529687,0,104.7246494196998,0,-285.0178902496627,1]},{"transform":[0.9106351670542214,0,0.4132113170329805,0,0,1,0,0,-0.4132113170329805,0,0.9106351670542214,0,148.756074131873,0,-374.2161973917446,1]},{"transform":[0.8432653706847362,0,0.5374974554394975,0,0,1,0,0,-0.5374974554394975,0,0.8432653706847362,0,193.4990839582191,0,-433.0887637300585,1]},{"transform":[0.7550661035094232,0,0.6556486706545641,0,0,1,0,0,-0.6556486706545641,0,0.7550661035094232,0,236.0335214356431,0,-446.4865312474491,1]},{"transform":[0.6490704646031622,0,0.7607282905084016,0,0,1,0,0,-0.7607282905084016,0,0.6490704646031622,0,273.8621845830246,0,-406.9329334107606,1]},{"transform":[0.5305964428252853,0,0.8476245718837756,0,0,1,0,0,-0.8476245718837756,0,0.5305964428252853,0,305.1448458781592,0,-316.7410287253663,1]},{"transform":[0.406680028659226,0,0.9135706619029155,0,0,1,0,0,-0.9135706619029155,0,0.406680028659226,0,328.8854382850496,0,-187.6582287194196,1]},{"transform":[0.2854011337796528,0,0.9584081556608796,0,0,1,0,0,-0.9584081556608796,0,0.2854011337796528,0,345.0269360379166,0,-38.15764434989842,1]},{"transform":[0.1752763049408575,0,0.9845192821505729,0,0,1,0,0,-0.9845192821505729,0,0.1752763049408575,0,354.4269415742062,0,110.5325961494431,1]},{"transform":[0.08491854295495986,0,0.996387896886753,0,0,1,0,0,-0.996387896886753,0,0.08491854295495986,0,358.6996428792311,0,238.0485714409082,1]},{"transform":[0.02318001747739237,0,0.9997313072969896,0,0,1,0,0,-0.9997313072969896,0,0.02318001747739237,0,359.9032706269163,0,326.627501398231,1]},{"transform":[0,0,1,0,0,1,0,0,-1,0,0,0,360,0,359.9999999999999,1]}],"beginTime":0,"repeatCount":0,"keyTimes":[0,0.06666666666666667,0.1333333333333333,0.2,0.2666666666666667,0.3333333333333333,0.4,0.4666666666666667,0.5333333333333333,0.6,0.6666666666666666,0.7333333333333333,0.8,0.8666666666666667,0.9333333333333333,1],"property":"transform","fillMode":"removed","duration":1}],"beginTime":0,"fillMode":"both","duration":1}],"layers":[{"animations":[],"layers":[],"initialState":{"affineTransform":[1,0,0,1,0,0],"masksToBounds":false,"rotation":0,"scale":1,"position":{"pointX":360,"pointY":675},"width":720,"sublayerTransform":[1,0,0,0,0,1,0,0,0,0,1,0,0,0,0,1],"contentsRect":{"y":0,"x":0,"width":1,"height":1},"opacity":1,"edgeAntialiasingMask":15,"height":270,"hidden":false,"anchorPoint":{"pointX":0.5,"pointY":0.5}},"texture":"A710683C04A97643662E6E0708C22830"}],"initialState":{"affineTransform":[1,0,0,1,0,0],"masksToBounds":false,"rotation":0,"scale":1,"position":{"pointX":360,"pointY":270},"width":720,"sublayerTransform":[1,0,0,0,0,1,0,0,0,0,1,0,0,0,0,1],"contentsRect":{"y":0,"x":0,"width":1,"height":1},"opacity":1,"edgeAntialiasingMask":12,"height":540,"hidden":false,"anchorPoint":{"pointX":0.5,"pointY":0.5}},"texture":"EF54704FD30EABB62EA14CA2648727FF"}]}]},"effects":[],"duration":1,"type":"transition","name":"com.apple.iWork.Keynote.BLTReflection","objectID":"0"}],"automaticPlay":false,"hyperlinks":[],"accessibility":[{"text":"Business Problems","targetRectangle":{"y":47.22503995895386,"x":214.6582012176514,"width":290.68359375,"height":45}},{"text":"Often times Business people need to fax or email files to colleagues which creates a inconvenient source of data sharing. ","targetRectangle":{"y":122.2040114402771,"x":227.5531249046326,"width":271.4,"height":320}}],"baseLayer":{"animations":[],"initialState":{"affineTransform":[1,0,0,1,0,0],"masksToBounds":true,"rotation":0,"scale":1,"position":{"pointX":360,"pointY":270},"width":720,"sublayerTransform":[1,0,0,0,0,1,0,0,0,0,1,0,0,0,0,1],"contentsRect":{"y":0,"x":0,"width":1,"height":1},"opacity":1,"edgeAntialiasingMask":0,"height":540,"hidden":false,"anchorPoint":{"pointX":0.5,"pointY":0.5}},"objectID":"0","layers":[{"animations":[],"initialState":{"affineTransform":[1,0,0,1,0,0],"masksToBounds":false,"rotation":0,"scale":1,"position":{"pointX":360,"pointY":270},"width":720,"sublayerTransform":[1,0,0,0,0,1,0,0,0,0,1,-0.0007001582493355197,0,0,0,1],"contentsRect":{"y":0,"x":0,"width":1,"height":1},"opacity":1,"edgeAntialiasingMask":15,"height":540,"hidden":false,"anchorPoint":{"pointX":0.5,"pointY":0.5}},"layers":[{"animations":[],"layers":[],"initialState":{"affineTransform":[1,0,0,1,0,0],"masksToBounds":false,"rotation":0,"scale":1,"position":{"pointX":360,"pointY":270},"width":720,"sublayerTransform":[1,0,0,0,0,1,0,0,0,0,1,0,0,0,0,1],"contentsRect":{"y":0,"x":0,"width":1,"height":1},"opacity":1,"edgeAntialiasingMask":0,"height":540,"hidden":false,"anchorPoint":{"pointX":0.5,"pointY":0.5}},"texture":"EF54704FD30EABB62EA14CA2648727FF"}]}]}}]} } )